                             Results: Probit
=========================================================================
Model:                 Probit              Pseudo R-squared:    0.592    
Dependent Variable:    y                   AIC:                 8871.2513
Date:                  2026-02-28 19:59    BIC:                 9361.3451
No. Observations:      15642               Log-Likelihood:      -4371.6  
Df Model:              63                  LL-Null:             -10713.  
Df Residuals:          15578               LLR p-value:         0.0000   
Converged:             1.0000              Scale:               1.0000   
Method:                MLE                                               
-------------------------------------------------------------------------
                          Coef.  Std.Err.    z     P>|z|   [0.025  0.975]
-------------------------------------------------------------------------
const                     3.9868   2.1632   1.8430 0.0653 -0.2529  8.2266
gender                   -0.1832   0.0347  -5.2807 0.0000 -0.2512 -0.1152
education                -0.0247   0.0131  -1.8887 0.0589 -0.0504  0.0009
health                   -0.0298   0.0180  -1.6529 0.0983 -0.0651  0.0055
hukou_agri                0.2704   0.0440   6.1399 0.0000  0.1841  0.3567
hukou_uni                -0.0143   0.0550  -0.2597 0.7951 -0.1220  0.0935
hukou_else                0.1682   0.2655   0.6335 0.5264 -0.3522  0.6886
floating                 -0.0668   0.0560  -1.1933 0.2328 -0.1765  0.0429
job_linshigong            0.5744   0.2409   2.3845 0.0171  0.1023  1.0465
job_guzhu                -0.0792   0.1242  -0.6374 0.5238 -0.3226  0.1643
job_ziying                0.0110   0.0997   0.1107 0.9119 -0.1844  0.2065
job_ziyouzhiye           -0.0731   0.1205  -0.6067 0.5441 -0.3093  0.1631
industry_mining          -0.2668   0.1268  -2.1035 0.0354 -0.5154 -0.0182
industry_constr          -0.0958   0.1212  -0.7909 0.4290 -0.3333  0.1416
industry_utility         -0.2972   0.1687  -1.7617 0.0781 -0.6279  0.0335
industry_retail          -0.3029   0.1304  -2.3234 0.0202 -0.5585 -0.0474
industry_transport       -0.1382   0.1385  -0.9979 0.3183 -0.4096  0.1332
industry_hotel           -0.1794   0.1318  -1.3615 0.1734 -0.4377  0.0789
industry_it              -0.1808   0.1886  -0.9587 0.3377 -0.5504  0.1888
industry_finance         -0.1486   0.2215  -0.6711 0.5022 -0.5827  0.2854
industry_realestate      -0.0740   0.2053  -0.3603 0.7187 -0.4764  0.3285
industry_education       -0.2570   0.1490  -1.7248 0.0846 -0.5490  0.0350
industry_service         -0.2009   0.1255  -1.6007 0.1094 -0.4468  0.0451
industry_gov             -0.2282   0.1572  -1.4521 0.1465 -0.5363  0.0798
industry_other           -0.2202   0.1413  -1.5585 0.1191 -0.4972  0.0567
industry_unknown         -0.3623   0.1872  -1.9356 0.0529 -0.7292  0.0046
occu_professional        -0.2570   0.1851  -1.3881 0.1651 -0.6198  0.1059
occu_clerk               -0.1635   0.1823  -0.8969 0.3698 -0.5208  0.1938
occu_delivery            -0.3645   0.3289  -1.1082 0.2678 -1.0091  0.2801
occu_service             -0.2817   0.1816  -1.5507 0.1210 -0.6377  0.0743
occu_production          -0.2128   0.1860  -1.1440 0.2526 -0.5774  0.1518
occu_other               -0.3275   0.1859  -1.7618 0.0781 -0.6918  0.0368
occu_unknown             -0.3028   0.2429  -1.2468 0.2125 -0.7788  0.1732
employer_soe             -0.1071   0.1309  -0.8179 0.4134 -0.3637  0.1495
employer_individual      -0.2189   0.0971  -2.2560 0.0241 -0.4092 -0.0287
employer_private         -0.1810   0.0959  -1.8882 0.0590 -0.3689  0.0069
employer_foreign         -0.0834   0.3940  -0.2118 0.8323 -0.8558  0.6889
employer_other           -0.1095   0.1076  -1.0182 0.3086 -0.3204  0.1013
employer_unknown         -0.0201   0.1500  -0.1343 0.8932 -0.3142  0.2739
ln_ind_income             0.0651   0.0268   2.4311 0.0151  0.0126  0.1177
ln_hh_income             -0.0260   0.0092  -2.8338 0.0046 -0.0440 -0.0080
ln_hh_consump            -0.0116   0.0235  -0.4942 0.6212 -0.0578  0.0345
ln_hh_asset               0.0141   0.0135   1.0443 0.2963 -0.0124  0.0407
ln_hh_liabi              -0.0029   0.0029  -1.0329 0.3017 -0.0085  0.0026
hh_num                   -0.5107   0.0189 -26.9850 0.0000 -0.5478 -0.4736
hh_child                  0.4615   0.0265  17.4380 0.0000  0.4096  0.5133
hh_old                    0.1506   0.0371   4.0568 0.0000  0.0779  0.2234
contribution_years        0.1007   0.0037  27.3493 0.0000  0.0935  0.1079
has_contribution_history  0.0151   0.0441   0.3417 0.7326 -0.0713  0.1014
hh_pay_num                1.1384   0.0209  54.4819 0.0000  1.0974  1.1793
hh_receive_num           -0.6325   0.0429 -14.7408 0.0000 -0.7166 -0.5484
hh_pension               -0.0001   0.0000  -3.3075 0.0009 -0.0001 -0.0000
risk_preference          -0.0004   0.0139  -0.0259 0.9793 -0.0276  0.0269
econ_expectation          0.0107   0.0348   0.3086 0.7576 -0.0575  0.0789
rural                     0.0107   0.0367   0.2924 0.7700 -0.0612  0.0827
region_central           -0.0245   0.0481  -0.5103 0.6098 -0.1188  0.0697
region_west               0.0203   0.0404   0.5023 0.6154 -0.0589  0.0995
region_northeast         -0.1783   0.0714  -2.4964 0.0125 -0.3182 -0.0383
ln_avg_wage              -0.4781   0.2388  -2.0020 0.0453 -0.9461 -0.0100
zhigong_burden           -0.0143   0.0273  -0.5222 0.6015 -0.0679  0.0393
jumin_burden              0.0722   0.0227   3.1750 0.0015  0.0276  0.1168
ln_pension                0.0774   0.0933   0.8292 0.4070 -0.1056  0.2604
age_c                     0.0285   0.0019  14.7078 0.0000  0.0247  0.0323
age_c_sq                 -0.0022   0.0002 -13.3859 0.0000 -0.0026 -0.0019
=========================================================================


Explanatory variables:
['gender', 'education', 'health', 'hukou_agri', 'hukou_uni', 'hukou_else', 'floating', 'job_linshigong', 'job_guzhu', 'job_ziying', 'job_ziyouzhiye', 'industry_mining', 'industry_constr', 'industry_utility', 'industry_retail', 'industry_transport', 'industry_hotel', 'industry_it', 'industry_finance', 'industry_realestate', 'industry_education', 'industry_service', 'industry_gov', 'industry_other', 'industry_unknown', 'occu_professional', 'occu_clerk', 'occu_delivery', 'occu_service', 'occu_production', 'occu_other', 'occu_unknown', 'employer_soe', 'employer_individual', 'employer_private', 'employer_foreign', 'employer_other', 'employer_unknown', 'ln_ind_income', 'ln_hh_income', 'ln_hh_consump', 'ln_hh_asset', 'ln_hh_liabi', 'hh_num', 'hh_child', 'hh_old', 'contribution_years', 'has_contribution_history', 'hh_pay_num', 'hh_receive_num', 'hh_pension', 'risk_preference', 'econ_expectation', 'rural', 'region_central', 'region_west', 'region_northeast', 'ln_avg_wage', 'zhigong_burden', 'jumin_burden', 'ln_pension', 'age_c', 'age_c_sq']
Age squared included: True

============================================================
Average Marginal Effects
       Probit Marginal Effects       
=====================================
Dep. Variable:                      y
Method:                          dydx
At:                           overall
============================================================================================
                              dy/dx    std err          z      P>|z|      [0.025      0.975]
--------------------------------------------------------------------------------------------
gender                      -0.0297      0.006     -5.294      0.000      -0.041      -0.019
education                   -0.0040      0.002     -1.890      0.059      -0.008       0.000
health                      -0.0048      0.003     -1.653      0.098      -0.011       0.001
hukou_agri                   0.0438      0.007      6.167      0.000       0.030       0.058
hukou_uni                   -0.0023      0.009     -0.260      0.795      -0.020       0.015
hukou_else                   0.0272      0.043      0.634      0.526      -0.057       0.112
floating                    -0.0108      0.009     -1.193      0.233      -0.029       0.007
job_linshigong               0.0930      0.039      2.386      0.017       0.017       0.169
job_guzhu                   -0.0128      0.020     -0.637      0.524      -0.052       0.027
job_ziying                   0.0018      0.016      0.111      0.912      -0.030       0.033
job_ziyouzhiye              -0.0118      0.020     -0.607      0.544      -0.050       0.026
industry_mining             -0.0432      0.021     -2.104      0.035      -0.083      -0.003
industry_constr             -0.0155      0.020     -0.791      0.429      -0.054       0.023
industry_utility            -0.0481      0.027     -1.762      0.078      -0.102       0.005
industry_retail             -0.0491      0.021     -2.325      0.020      -0.090      -0.008
industry_transport          -0.0224      0.022     -0.998      0.318      -0.066       0.022
industry_hotel              -0.0291      0.021     -1.362      0.173      -0.071       0.013
industry_it                 -0.0293      0.031     -0.959      0.338      -0.089       0.031
industry_finance            -0.0241      0.036     -0.671      0.502      -0.094       0.046
industry_realestate         -0.0120      0.033     -0.360      0.719      -0.077       0.053
industry_education          -0.0416      0.024     -1.725      0.084      -0.089       0.006
industry_service            -0.0325      0.020     -1.601      0.109      -0.072       0.007
industry_gov                -0.0370      0.025     -1.452      0.146      -0.087       0.013
industry_other              -0.0357      0.023     -1.559      0.119      -0.081       0.009
industry_unknown            -0.0587      0.030     -1.936      0.053      -0.118       0.001
occu_professional           -0.0416      0.030     -1.388      0.165      -0.100       0.017
occu_clerk                  -0.0265      0.030     -0.897      0.370      -0.084       0.031
occu_delivery               -0.0590      0.053     -1.108      0.268      -0.163       0.045
occu_service                -0.0456      0.029     -1.551      0.121      -0.103       0.012
occu_production             -0.0345      0.030     -1.144      0.253      -0.093       0.025
occu_other                  -0.0530      0.030     -1.762      0.078      -0.112       0.006
occu_unknown                -0.0490      0.039     -1.247      0.212      -0.126       0.028
employer_soe                -0.0173      0.021     -0.818      0.413      -0.059       0.024
employer_individual         -0.0355      0.016     -2.257      0.024      -0.066      -0.005
employer_private            -0.0293      0.016     -1.889      0.059      -0.060       0.001
employer_foreign            -0.0135      0.064     -0.212      0.832      -0.139       0.112
employer_other              -0.0177      0.017     -1.018      0.309      -0.052       0.016
employer_unknown            -0.0033      0.024     -0.134      0.893      -0.051       0.044
ln_ind_income                0.0106      0.004      2.433      0.015       0.002       0.019
ln_hh_income                -0.0042      0.001     -2.836      0.005      -0.007      -0.001
ln_hh_consump               -0.0019      0.004     -0.494      0.621      -0.009       0.006
ln_hh_asset                  0.0023      0.002      1.044      0.296      -0.002       0.007
ln_hh_liabi                 -0.0005      0.000     -1.033      0.302      -0.001       0.000
hh_num                      -0.0827      0.003    -29.110      0.000      -0.088      -0.077
hh_child                     0.0747      0.004     17.976      0.000       0.067       0.083
hh_old                       0.0244      0.006      4.064      0.000       0.013       0.036
contribution_years           0.0163      0.001     28.084      0.000       0.015       0.017
has_contribution_history     0.0024      0.007      0.342      0.733      -0.012       0.016
hh_pay_num                   0.1844      0.002     80.788      0.000       0.180       0.189
hh_receive_num              -0.1024      0.007    -15.030      0.000      -0.116      -0.089
hh_pension               -9.177e-06   2.77e-06     -3.311      0.001   -1.46e-05   -3.75e-06
risk_preference          -5.834e-05      0.002     -0.026      0.979      -0.004       0.004
econ_expectation             0.0017      0.006      0.309      0.758      -0.009       0.013
rural                        0.0017      0.006      0.292      0.770      -0.010       0.013
region_central              -0.0040      0.008     -0.510      0.610      -0.019       0.011
region_west                  0.0033      0.007      0.502      0.615      -0.010       0.016
region_northeast            -0.0289      0.012     -2.498      0.012      -0.052      -0.006
ln_avg_wage                 -0.0774      0.039     -2.003      0.045      -0.153      -0.002
zhigong_burden              -0.0023      0.004     -0.522      0.602      -0.011       0.006
jumin_burden                 0.0117      0.004      3.179      0.001       0.004       0.019
ln_pension                   0.0125      0.015      0.829      0.407      -0.017       0.042
age_c                        0.0046      0.000     15.032      0.000       0.004       0.005
age_c_sq                    -0.0004   2.64e-05    -13.649      0.000      -0.000      -0.000
============================================================================================
